0.4892388861748901
0.4892388861748901
0.4892388861748901
0.4892388861748901
0.4892388861748901
0.4892388861748901
0.4892388861748901
0.4892388861748901
0.4892388861748901
0.4892388861748901
0.4892388861748901
0.4892388861748901
0.4892388861748901
0.4892388861748901
0.4892388861748901
0.4892388861748901
0.4892388861748901
0.4892388861748901
0.4892388861748901
0.4892388861748901
0.4892388861748901
0.4892388861748901
0.4892388861748901
0.4892388861748901
0.4892388861748901
0.4892388861748901
0.4892388861748901
0.4892388861748901
0.4892388861748901
0.4892388861748901
0.4892388861748901
0.4892388861748901
0.4892388861748901
0.4892388861748901
0.4892388861748901
0.4892388861748901
0.4892388861748901
0.4892388861748901
0.4892388861748901
0.4892388861748901
0.4892388861748901
0.4892388861748901
0.4892388861748901
0.4892388861748901
0.4892388861748901
0.4892388861748901
0.4892388861748901
0.4892388861748901
0.4892388861748901
0.4892388861748901
0.4892388861748901
0.4892388861748901
0.4892388861748901
0.4892388861748901
0.4892388861748901
0.4892388861748901
0.4892388861748901
0.4892388861748901
0.4892388861748901
0.4892388861748901
0.4892388861748901
0.4892388861748901
0.4892388861748901
0.4892388861748901
0.4892388861748901
0.4892388861748901
0.4892388861748901
0.4892388861748901
0.4892388861748901
0.4892388861748901
0.4892388861748901
0.4892388861748901
0.4892388861748901
0.4892388861748901
0.4892388861748901
0.4892388861748901
0.4892388861748901
0.4892388861748901
0.4892388861748901
0.4892388861748901
0.4892388861748901
0.4892388861748901
0.4892388861748901
0.4892388861748901
0.4892388861748901
0.4892388861748901
0.4892388861748901
0.4892388861748901
0.4892388861748901
0.4892388861748901
0.4892388861748901
0.4892388861748901
0.4892388861748901
0.4892388861748901
0.4892388861748901
0.4892388861748901
0.4892388861748901
0.4892388861748901
0.4892388861748901
0.4892388861748901
0.4892388861748901
0.4892388861748901
0.4892388861748901
0.4892388861748901
0.4892388861748901
0.4892388861748901
0.4892388861748901
0.4892388861748901
0.4892388861748901
0.4892388861748901
0.4892388861748901
0.4892388861748901
0.4892388861748901
0.4892388861748901
0.4892388861748901
0.4892388861748901
0.4892388861748901
0.4892388861748901
0.4892388861748901
0.4892388861748901

file